226943
374222
340070
459082
21209
908505
436532
437397
436986
435896
436896
13053
505722
436544
436295
435802
435581
435944
10827
199313
459054
921065
208978
254656
437390
24693
702016
202228
13575
222983
206502
206500
207391
209329
231897
202127
437090
459205
236691
202126
231910
204640
201588
204092
646830
232227
232256
232250
232257
232288
232255
232300
203724
202143
199032
202141
206981
236075
202145
199706
199707
199705
199708
228991
204333
236074
236073
202146
236077
202142
199034
733079
732577
733083
734041
734372
734383
734362
229285
207138
3689
337433
207151
22634
771051
769223
10481
196563
196560
206433
451323
437794
437969
253557
819408
817134
817132
817133
401308
401300
401328
401323
401316
401299
401322
401330
401302
401277
401329
401346
401351
416596
401272
819407
399236
460868
388473
338012
357098
336722
338555
342333
20415
44858
506812
9724
16767
4706
4710
4708
4713
5452
204896
19780
236643
202056
236031
197468
237235
200356
834053
238552
824697
824681
207136
204937
19405
207040
209333
204939
648075
15549
3572
3571
3147
13455
207974
231226
231566
205138
201610
206587
194432
231084
200077
194885
333990
692466
852943
852944
852941
852942